1.195479825
-2.00180826
0.00435213
0.099766785
1.711266894
4.337951565
4.1542566
2.297040295
0.870113828
-1.135251585
0.005756683
0.02860148
0.09523599
0.522907615
0.717472843
1.094427569
0.829888055
-1.08407189
0.001023713
0.021070355
0.11342193
0.11395901
0
0.00090896
0.15015449
0
0.100302575
0.10718553
0.03776754
0.082908415
0.033864542
0.337674655
0.435925125
0.5700508
0.584393548
-1.06781967
0.001397955
0.00487369
0.124302255
0.078683685
0
0
0.263389815
0.62370119
0.34366161
0.04676167
0.04541439
0.071835185
0.01289684
0.06612165
0.22744721
0.307184087
0.451898768
-1.00178392
0.00202483
0
0.131681665
0.12138817
0.12529012
0.13159904
0.136572593
0.140138335
0
0.14373427
0.144410817
0.146173713
0.142692677
0.141755915
0.14305938
0.00659262
0.13809111
0.179649975
0
0
0.315249715
0.88833833
0.62135588
0.10337169
0.02523979
0.090274602
0.0197798
0.04625504
0.07831066
0.111211189
0.111211189
0.111211189
0.111211189
0.111211189
0.144111718
0.14599625
0.17978156
0.274925655
0.441732836
0.612362865
0.612362865
0.612362865
0.612362865
0.612362865
0.612362865
0.612362865
0.612362865
0.612362865
0.612362865
0.612362865
0.612362865
0.612362865
0.612362865
0.612362865
0.612362865
0.612362865
Missing
Missing